function mgc = 'KernRiverOUO'

%% required global data
mgc.name = 'KernRiverOUO';
mgc.gas_specific_gravity = 0.6;
mgc.specific_heat_capacity_ratio = 1.4;  % unitless
mgc.temperature = 288.71;  % K
mgc.compressibility_factor = 0.8;  % unitless
mgc.units = 'si';

%% optional global data (that was either provided or computed based on required global data)
mgc.sound_speed = 312.805;  % m/s
mgc.R = 8.314;  % J/(mol K)
mgc.base_pressure = 2068000;  % Pa
mgc.base_length = 1000;  % m
mgc.is_per_unit = 0;

%% junction data
% id	p_min	p_max	p_nominal	junction_type	status	pipeline_name	edi_id	lat	lon
mgc.junction = [
1	2068000	5861000	2068000	0	1	'Kern River Gas Transmission Co.'	0	40.933	-111.545
2	2068000	5861000	2068000	0	1	'Kern River Gas Transmission Co.'	0	40.8291	-111.9397
4	2068000	5861000	2068000	0	1	'Kern River Gas Transmission Co.'	0	40.9399	-111.1209
7	2068000	5861000	2068000	0	1	'Kern River Gas Transmission Co.'	0	41.4746	-110.6395
8	2068000	5861000	2068000	0	1	'Kern River Gas Transmission Co.'	0	41.3613	-110.7799
11	2068000	5861000	2068000	0	1	'Kern River Gas Transmission Co.'	0	41.5508	-110.5909
12	2068000	5861000	2068000	0	1	'Kern River Gas Transmission Co.'	0	41.4798	-110.6174
15	2068000	5861000	2068000	0	1	'Kern River Gas Transmission Co.'	0	41.0635	-111.0274
16	2068000	5861000	2068000	0	1	'Kern River Gas Transmission Co.'	0	41.0666	-111.0385
20	2068000	5861000	2068000	0	1	'Kern River Gas Transmission Co.'	0	41.0566	-111.0224
21	2068000	5861000	2068000	0	1	'Kern River Gas Transmission Co.'	0	41.4494	-110.8838
23	2068000	5861000	2068000	0	1	'Kern River Gas Transmission Co.'	0	41.3176	-110.8291
24	2068000	5861000	2068000	0	1	'Kern River Gas Transmission Co.'	0	41.3111	-110.8312
39	2068000	5861000	2068000	0	1	'Kern River Gas Transmission Co.'	0	41.3262	-110.8565
45	2068000	5861000	2068000	0	1	'Kern River Gas Transmission Co.'	0	41.0622	-111.0135
59	2068000	5861000	2068000	0	1	'Kern River Gas Transmission Co.'	0	41.7475	-110.3623
60	2068000	5861000	2068000	0	1	'Kern River Gas Transmission Co.'	0	41.7768	-110.3467
62	2068000	5861000	2068000	0	1	'Kern River Gas Transmission Co.'	0	41.6906	-110.3624
69	2068000	5861000	2068000	0	1	'Kern River Gas Transmission Co.'	0	38.3049	-112.9698
70	2068000	5861000	2068000	0	1	'Kern River Gas Transmission Co.'	0	38.2603	-112.9953
71	2068000	5861000	2068000	0	1	'Kern River Gas Transmission Co.'	0	37.4208	-113.6462
74	2068000	5861000	2068000	0	1	'Kern River Gas Transmission Co.'	0	37.3462	-113.7617
75	2068000	5861000	2068000	0	1	'Kern River Gas Transmission Co.'	0	37.6729	-113.5311
80	2068000	5861000	2068000	0	1	'Kern River Gas Transmission Co.'	0	35.6146	-115.3587
82	2068000	5861000	2068000	0	1	'Kern River Gas Transmission Co.'	0	36.2735	-115.1351
84	2068000	5861000	2068000	0	1	'Kern River Gas Transmission Co.'	0	35.6303	-115.4015
86	2068000	5861000	2068000	0	1	'Kern River Gas Transmission Co.'	0	34.8554	-116.8329
89	2068000	5861000	2068000	0	1	'Kern River Gas Transmission Co.'	0	36.0993	-115.344
90	2068000	5861000	2068000	0	1	'Kern River Gas Transmission Co.'	0	36.0361	-115.3512
96	2068000	5861000	2068000	0	1	'Kern River Gas Transmission Co.'	0	35.8067	-115.4093
98	2068000	5861000	2068000	0	1	'Kern River Gas Transmission Co.'	0	35.6303	-115.4016
106	2068000	5861000	2068000	0	1	'Kern River Gas Transmission Co.'	0	35.8091	-115.4089
108	2068000	5861000	2068000	0	1	'Kern River Gas Transmission Co.'	0	36.0033	-115.3663
110	2068000	5861000	2068000	0	1	'Kern River Gas Transmission Co.'	0	36.0361	-115.3512
113	2068000	5861000	2068000	0	1	'Kern River Gas Transmission Co.'	0	36.2774	-115.2934
116	2068000	5861000	2068000	0	1	'Kern River Gas Transmission Co.'	0	36.2774	-115.0967
118	2068000	5861000	2068000	0	1	'Kern River Gas Transmission Co.'	0	36.3548	-114.9712
124	2068000	5861000	2068000	0	1	'Kern River Gas Transmission Co.'	0	36.2532	-115.3085
127	2068000	5861000	2068000	0	1	'Kern River Gas Transmission Co.'	0	35.0399	-118.2432
128	2068000	5861000	2068000	0	1	'Kern River Gas Transmission Co.'	0	35.01	-117.82
130	2068000	5861000	2068000	0	1	'Kern River Gas Transmission Co.'	0	34.9933	-117.6493
131	2068000	5861000	2068000	0	1	'Kern River Gas Transmission Co.'	0	34.9867	-117.5253
134	2068000	5861000	2068000	0	1	'Kern River Gas Transmission Co.'	0	34.8685	-116.9972
136	2068000	5861000	2068000	0	1	'Kern River Gas Transmission Co.'	0	35.01	-117.82
140	2068000	5861000	2068000	0	1	'Kern River Gas Transmission Co.'	0	34.9855	-117.5261
142	2068000	5861000	2068000	0	1	'Kern River Gas Transmission Co.'	0	34.5958	-117.3628
152	2068000	5861000	2068000	0	1	'Kern River Gas Transmission Co.'	0	34.9275	-117.3298
158	2068000	5861000	2068000	0	1	'Kern River Gas Transmission Co.'	0	36.6572	-114.622
160	2068000	5861000	2068000	0	1	'Kern River Gas Transmission Co.'	0	37.3463	-113.7616
163	2068000	5861000	2068000	0	1	'Kern River Gas Transmission Co.'	0	37.6414	-113.5737
164	2068000	5861000	2068000	0	1	'Kern River Gas Transmission Co.'	0	37.4207	-113.6461
168	2068000	5861000	2068000	0	1	'Kern River Gas Transmission Co.'	0	37.6591	-113.5494
170	2068000	5861000	2068000	0	1	'Kern River Gas Transmission Co.'	0	37.6729	-113.5311
172	2068000	5861000	2068000	0	1	'Kern River Gas Transmission Co.'	0	37.7948	-113.4539
173	2068000	5861000	2068000	0	1	'Kern River Gas Transmission Co.'	0	36.6574	-114.622
174	2068000	5861000	2068000	0	1	'Kern River Gas Transmission Co.'	0	36.6604	-114.6278
176	2068000	5861000	2068000	0	1	'Kern River Gas Transmission Co.'	0	36.4263	-114.9002
178	2068000	5861000	2068000	0	1	'Kern River Gas Transmission Co.'	0	36.382	-114.92
181	2068000	5861000	2068000	0	1	'Kern River Gas Transmission Co.'	0	36.4136	-114.9584
190	2068000	5861000	2068000	0	1	'Kern River Gas Transmission Co.'	0	36.5055	-114.8328
196	2068000	5861000	2068000	0	1	'Kern River Gas Transmission Co.'	0	36.5054	-114.8328
200	2068000	5861000	2068000	0	1	'Kern River Gas Transmission Co.'	0	36.4138	-114.9585
207	2068000	5861000	2068000	0	1	'Kern River Gas Transmission Co.'	0	38.1814	-113.0427
209	2068000	5861000	2068000	0	1	'Kern River Gas Transmission Co.'	0	38.6386	-112.7118
210	2068000	5861000	2068000	0	1	'Kern River Gas Transmission Co.'	0	38.4338	-112.8859
212	2068000	5861000	2068000	0	1	'Kern River Gas Transmission Co.'	0	38.2603	-112.9953
216	2068000	5861000	2068000	0	1	'Kern River Gas Transmission Co.'	0	38.3049	-112.9696
226	2068000	5861000	2068000	0	1	'Kern River Gas Transmission Co.'	0	39.2608	-112.154
228	2068000	5861000	2068000	0	1	'Kern River Gas Transmission Co.'	0	39.3297	-112.1299
229	2068000	5861000	2068000	0	1	'Kern River Gas Transmission Co.'	0	39.3297	-112.13
230	2068000	5861000	2068000	0	1	'Kern River Gas Transmission Co.'	0	39.2609	-112.1541
231	2068000	5861000	2068000	0	1	'Kern River Gas Transmission Co.'	0	39.1105	-112.2765
232	2068000	5861000	2068000	0	1	'Kern River Gas Transmission Co.'	0	38.9787	-112.3994
240	2068000	5861000	2068000	0	1	'Kern River Gas Transmission Co.'	0	38.979	-112.3992
244	2068000	5861000	2068000	0	1	'Kern River Gas Transmission Co.'	0	39.1105	-112.2765
248	2068000	5861000	2068000	0	1	'Kern River Gas Transmission Co.'	0	38.8507	-112.5055
252	2068000	5861000	2068000	0	1	'Kern River Gas Transmission Co.'	0	40.7634	-112.0119
253	2068000	5861000	2068000	0	1	'Kern River Gas Transmission Co.'	0	40.7638	-112.0126
254	2068000	5861000	2068000	0	1	'Kern River Gas Transmission Co.'	0	40.6667	-112.0304
255	2068000	5861000	2068000	0	1	'Kern River Gas Transmission Co.'	0	40.6089	-112.0307
256	2068000	5861000	2068000	0	1	'Kern River Gas Transmission Co.'	0	40.591	-112.0292
264	2068000	5861000	2068000	0	1	'Kern River Gas Transmission Co.'	0	40.5365	-112.0135
267	2068000	5861000	2068000	0	1	'Kern River Gas Transmission Co.'	0	40.5081	-111.9913
269	2068000	5861000	2068000	0	1	'Kern River Gas Transmission Co.'	0	39.9527	-111.9842
272	2068000	5861000	2068000	0	1	'Kern River Gas Transmission Co.'	0	39.9793	-111.9804
273	2068000	5861000	2068000	0	1	'Kern River Gas Transmission Co.'	0	40.3836	-111.9552
