function mgc = 'Kern River Gas Transmission Co.'
mgc.version = 2;
mgc.name = 'Kern River Gas Transmission Co.';
mgc.temperature = 288.71;
mgc.gas_specific_gravity = 0.6;
mgc.base_length = 1000.0;
mgc.base_pressure = 2068000.0;
mgc.compressibility_factor = 0.8;
mgc.specific_heat_capacity_ratio = 1.4;
mgc.sound_speed = 312.805;
mgc.R = 8.314;
mgc.units = 'si';
mgc.economic_weighting = 1.0;

%% sources
%column_names% name agreement_year description
mgc.sources = [
'HIFLD Open'	2020	'HIFLD Open Dataset'
'Genscape'	2022	'Wood Mackenzie Genscape Dataset'
];

%% junction
%column_names% id p_min p_max p_nominal junction_type status pipeline_name edi_id lon lat
mgc.junction = [
1	2068000.0	5861000.0	2068000.0	0	1	'Kern River Gas Transmission Co.'	0	-118.834	35.1451
3	2068000.0	5861000.0	2068000.0	0	1	'Kern River Gas Transmission Co.'	0	-118.8198	35.1583
4	2068000.0	5861000.0	2068000.0	0	1	'Kern River Gas Transmission Co.'	0	-118.8157	35.1948
6	2068000.0	5861000.0	2068000.0	0	1	'Kern River Gas Transmission Co.'	0	-118.8198	35.3125
8	2068000.0	5861000.0	2068000.0	0	1	'Kern River Gas Transmission Co.'	0	-118.8583	35.3374
10	2068000.0	5861000.0	2068000.0	0	1	'Kern River Gas Transmission Co.'	0	-118.8847	35.3573
11	2068000.0	5861000.0	2068000.0	0	1	'Kern River Gas Transmission Co.'	0	-118.9781	35.3888
16	2068000.0	5861000.0	2068000.0	0	1	'Kern River Gas Transmission Co.'	0	-118.9659	35.4203
20	2068000.0	5861000.0	2068000.0	0	1	'Kern River Gas Transmission Co.'	0	-118.9737	35.4479
36	2068000.0	5861000.0	2068000.0	0	1	'Kern River Gas Transmission Co.'	0	-118.9945	35.484
37	2068000.0	5861000.0	2068000.0	0	1	'Kern River Gas Transmission Co.'	0	-119.0043	35.4963
42	2068000.0	5861000.0	2068000.0	0	1	'Kern River Gas Transmission Co.'	0	-118.7873	35.1268
44	2068000.0	5861000.0	2068000.0	0	1	'Kern River Gas Transmission Co.'	0	-118.7589	35.1318
46	2068000.0	5861000.0	2068000.0	0	1	'Kern River Gas Transmission Co.'	0	-118.7264	35.107
48	2068000.0	5861000.0	2068000.0	0	1	'Kern River Gas Transmission Co.'	0	-118.8766	35.0556
49	2068000.0	5861000.0	2068000.0	0	1	'Kern River Gas Transmission Co.'	0	-119.4388	35.1484
53	2068000.0	5861000.0	2068000.0	0	1	'Kern River Gas Transmission Co.'	0	-119.4178	35.1296
55	2068000.0	5861000.0	2068000.0	0	1	'Kern River Gas Transmission Co.'	0	-119.6032	35.2903
56	2068000.0	5861000.0	2068000.0	0	1	'Kern River Gas Transmission Co.'	0	-119.6296	35.3059
59	2068000.0	5861000.0	2068000.0	0	1	'Kern River Gas Transmission Co.'	0	-119.5719	35.267
61	2068000.0	5861000.0	2068000.0	0	1	'Kern River Gas Transmission Co.'	0	-119.5682	35.2575
65	2068000.0	5861000.0	2068000.0	0	1	'Kern River Gas Transmission Co.'	0	-119.5604	35.2378
67	2068000.0	5861000.0	2068000.0	0	1	'Kern River Gas Transmission Co.'	0	-119.5299	35.1949
68	2068000.0	5861000.0	2068000.0	0	1	'Kern River Gas Transmission Co.'	0	-119.5585	35.2164
87	2068000.0	5861000.0	2068000.0	0	1	'Kern River Gas Transmission Co.'	0	-119.106	35.0598
91	2068000.0	5861000.0	2068000.0	0	1	'Kern River Gas Transmission Co.'	0	-118.928	35.0484
100	2068000.0	5861000.0	2068000.0	0	1	'Kern River Gas Transmission Co.'	0	-118.5945	35.1103
101	2068000.0	5861000.0	2068000.0	0	1	'Kern River Gas Transmission Co.'	0	-115.3961	36.0424
102	2068000.0	5861000.0	2068000.0	0	1	'Kern River Gas Transmission Co.'	0	-115.3816	36.0606
103	2068000.0	5861000.0	2068000.0	0	1	'Kern River Gas Transmission Co.'	0	-115.3072	36.2522
104	2068000.0	5861000.0	2068000.0	0	1	'Kern River Gas Transmission Co.'	0	-115.0566	36.2836
108	2068000.0	5861000.0	2068000.0	0	1	'Kern River Gas Transmission Co.'	0	-118.8949	35.3644
116	2068000.0	5861000.0	2068000.0	0	1	'Kern River Gas Transmission Co.'	0	-118.941	35.3815
124	2068000.0	5861000.0	2068000.0	0	1	'Kern River Gas Transmission Co.'	0	-114.9027	36.434
126	2068000.0	5861000.0	2068000.0	0	1	'Kern River Gas Transmission Co.'	0	-114.831	36.4414
131	2068000.0	5861000.0	2068000.0	0	1	'Kern River Gas Transmission Co.'	0	-114.5393	36.6495
132	2068000.0	5861000.0	2068000.0	0	1	'Kern River Gas Transmission Co.'	0	-114.4982	36.6076
133	2068000.0	5861000.0	2068000.0	0	1	'Kern River Gas Transmission Co.'	0	-117.3604	34.5996
134	2068000.0	5861000.0	5000000.0	1	1	'Kern River Gas Transmission Co.'	0	-117.5256	34.9855
139	2068000.0	5861000.0	2068000.0	0	1	'Kern River Gas Transmission Co.'	0	-111.5951	40.9431
148	2068000.0	5861000.0	2068000.0	0	1	'Kern River Gas Transmission Co.'	0	-112.0095	40.7839
149	2068000.0	5861000.0	2068000.0	0	1	'Kern River Gas Transmission Co.'	0	-111.9367	39.8773
152	2068000.0	5861000.0	2068000.0	0	1	'Kern River Gas Transmission Co.'	0	-111.9487	39.9584
154	2068000.0	5861000.0	2068000.0	0	1	'Kern River Gas Transmission Co.'	0	-111.9863	40.2817
156	2068000.0	5861000.0	2068000.0	0	1	'Kern River Gas Transmission Co.'	0	-111.9895	40.3474
158	2068000.0	5861000.0	2068000.0	0	1	'Kern River Gas Transmission Co.'	0	-112.0435	40.6642
160	2068000.0	5861000.0	2068000.0	0	1	'Kern River Gas Transmission Co.'	0	-111.9913	40.3828
161	2068000.0	5861000.0	2068000.0	0	1	'Kern River Gas Transmission Co.'	0	-112.0319	40.6087
163	2068000.0	5861000.0	2068000.0	0	1	'Kern River Gas Transmission Co.'	0	-112.0282	40.5912
165	2068000.0	5861000.0	2068000.0	0	1	'Kern River Gas Transmission Co.'	0	-112.0167	40.5359
173	2068000.0	5861000.0	2068000.0	0	1	'Kern River Gas Transmission Co.'	0	-112.6584	38.8384
174	2068000.0	5861000.0	2068000.0	0	1	'Kern River Gas Transmission Co.'	0	-112.5698	38.9205
176	2068000.0	5861000.0	2068000.0	0	1	'Kern River Gas Transmission Co.'	0	-112.4403	39.0297
177	2068000.0	5861000.0	2068000.0	0	1	'Kern River Gas Transmission Co.'	0	-112.2945	39.1347
178	2068000.0	5861000.0	2068000.0	0	1	'Kern River Gas Transmission Co.'	0	-112.1719	39.2678
182	2068000.0	5861000.0	2068000.0	0	1	'Kern River Gas Transmission Co.'	0	-111.9311	39.6485
185	2068000.0	5861000.0	2068000.0	0	1	'Kern River Gas Transmission Co.'	0	-113.6289	37.4259
186	2068000.0	5861000.0	2068000.0	0	1	'Kern River Gas Transmission Co.'	0	-113.5683	37.673
188	2068000.0	5861000.0	2068000.0	0	1	'Kern River Gas Transmission Co.'	0	-113.0962	38.3216
190	2068000.0	5861000.0	2068000.0	0	1	'Kern River Gas Transmission Co.'	0	-113.0697	38.3655
194	2068000.0	5861000.0	2068000.0	0	1	'Kern River Gas Transmission Co.'	0	-114.0495	37.0706
196	2068000.0	5861000.0	2068000.0	0	1	'Kern River Gas Transmission Co.'	0	-114.9285	36.3941
209	2068000.0	5861000.0	2068000.0	0	1	'Kern River Gas Transmission Co.'	0	-115.4482	35.8418
210	2068000.0	5861000.0	2068000.0	0	1	'Kern River Gas Transmission Co.'	0	-115.3912	36.0249
213	2068000.0	5861000.0	2068000.0	0	1	'Kern River Gas Transmission Co.'	0	-115.4315	35.6486
214	2068000.0	5861000.0	2068000.0	0	1	'Kern River Gas Transmission Co.'	0	-116.8689	34.8833
216	2068000.0	5861000.0	2068000.0	0	1	'Kern River Gas Transmission Co.'	0	-115.4392	35.8029
221	2068000.0	5861000.0	2068000.0	0	1	'Kern River Gas Transmission Co.'	0	-117.82	35.0185
222	2068000.0	5861000.0	2068000.0	0	1	'Kern River Gas Transmission Co.'	0	-118.338	35.0603
227	2068000.0	5861000.0	2068000.0	0	1	'Kern River Gas Transmission Co.'	0	-111.0211	41.1154
228	2068000.0	5861000.0	2068000.0	0	1	'Kern River Gas Transmission Co.'	0	-111.0314	41.1238
230	2068000.0	5861000.0	2068000.0	0	1	'Kern River Gas Transmission Co.'	0	-111.0411	41.1328
231	2068000.0	5861000.0	2068000.0	0	1	'Kern River Gas Transmission Co.'	0	-110.3254	41.7831
232	2068000.0	5861000.0	2068000.0	0	1	'Kern River Gas Transmission Co.'	0	-110.2196	41.8364
233	2068000.0	5861000.0	2068000.0	0	1	'Kern River Gas Transmission Co.'	0	-110.854	41.3425
234	2068000.0	5861000.0	2068000.0	0	1	'Kern River Gas Transmission Co.'	0	-110.9084	41.452
236	2068000.0	5861000.0	2068000.0	0	1	'Kern River Gas Transmission Co.'	0	-110.9007	41.5252
237	2068000.0	5861000.0	2068000.0	0	1	'Kern River Gas Transmission Co.'	0	-111.8787	40.9421
238	2068000.0	5861000.0	2068000.0	0	1	'Kern River Gas Transmission Co.'	0	-111.8013	40.9421
239	2068000.0	5861000.0	2068000.0	0	1	'Kern River Gas Transmission Co.'	0	-111.9811	40.8632
