function mgc = 'QuestarOUO'

%% required global data
mgc.name = 'QuestarOUO';
mgc.gas_specific_gravity = 0.6;
mgc.specific_heat_capacity_ratio = 1.4;  % unitless
mgc.temperature = 288.71;  % K
mgc.compressibility_factor = 0.8;  % unitless
mgc.units = 'si';

%% optional global data (that was either provided or computed based on required global data)
mgc.sound_speed = 312.805;  % m/s
mgc.R = 8.314;  % J/(mol K)
mgc.base_pressure = 2068000;  % Pa
mgc.base_length = 1000;  % m
mgc.is_per_unit = 0;

%% junction data
% id	p_min	p_max	p_nominal	junction_type	status	pipeline_name	edi_id	lat	lon
mgc.junction = [
4	2068000	5861000	2068000	0	1	'Questar Pipeline Co.'	0	41.2944	-110.5667
6	2068000	5861000	2068000	0	1	'Questar Pipeline Co.'	0	41.4751	-109.1851
7	2068000	5861000	2068000	0	1	'Questar Pipeline Co.'	0	41.1486	-109.0078
8	2068000	5861000	2068000	0	1	'Questar Pipeline Co.'	0	41.1279	-108.9628
11	2068000	5861000	2068000	0	1	'Questar Pipeline Co.'	0	41.0518	-108.7408
12	2068000	5861000	2068000	0	1	'Questar Pipeline Co.'	0	40.9988	-108.6138
14	2068000	5861000	2068000	0	1	'Questar Pipeline Co.'	0	41.0605	-108.7616
17	2068000	5861000	2068000	0	1	'Questar Pipeline Co.'	0	41.2954	-109.1088
18	2068000	5861000	2068000	0	1	'Questar Pipeline Co.'	0	41.1996	-109.0498
22	2068000	5861000	2068000	0	1	'Questar Pipeline Co.'	0	41.3648	-109.1222
25	2068000	5861000	2068000	0	1	'Questar Pipeline Co.'	0	41.3879	-108.7396
26	2068000	5861000	2068000	0	1	'Questar Pipeline Co.'	0	41.3517	-109.0262
27	2068000	5861000	2068000	0	1	'Questar Pipeline Co.'	0	41.2582	-111.076
28	2068000	5861000	2068000	0	1	'Questar Pipeline Co.'	0	41.2499	-111.0638
29	2068000	5861000	2068000	0	1	'Questar Pipeline Co.'	0	41.4768	-111.1685
30	2068000	5861000	2068000	0	1	'Questar Pipeline Co.'	0	41.4367	-111.1688
33	2068000	5861000	2068000	0	1	'Questar Pipeline Co.'	0	41.9027	-111.0668
34	2068000	5861000	2068000	0	1	'Questar Pipeline Co.'	0	41.8372	-111.076
38	2068000	5861000	2068000	0	1	'Questar Pipeline Co.'	0	41.5786	-111.7931
39	2068000	5861000	2068000	0	1	'Questar Pipeline Co.'	0	41.1361	-111.8272
40	2068000	5861000	2068000	0	1	'Questar Pipeline Co.'	0	41.1348	-111.9337
41	2068000	5861000	2068000	0	1	'Questar Pipeline Co.'	0	41.0021	-111.0544
42	2068000	5861000	2068000	0	1	'Questar Pipeline Co.'	0	40.9843	-111.0498
43	2068000	5861000	2068000	0	1	'Questar Pipeline Co.'	0	41.1811	-111.0602
44	2068000	5861000	2068000	0	1	'Questar Pipeline Co.'	0	41.032	-111.0606
45	2068000	5861000	2068000	0	1	'Questar Pipeline Co.'	0	41.0607	-111.0591
46	2068000	5861000	2068000	0	1	'Questar Pipeline Co.'	0	41.1373	-111.0606
48	2068000	5861000	2068000	0	1	'Questar Pipeline Co.'	0	41.0359	-111.14
49	2068000	5861000	2068000	0	1	'Questar Pipeline Co.'	0	41.0309	-111.1081
53	2068000	5861000	2068000	0	1	'Questar Pipeline Co.'	0	40.9136	-111.3682
54	2068000	5861000	2068000	0	1	'Questar Pipeline Co.'	0	40.9197	-111.3769
55	2068000	5861000	2068000	0	1	'Questar Pipeline Co.'	0	40.9237	-111.303
56	2068000	5861000	2068000	0	1	'Questar Pipeline Co.'	0	40.9732	-111.3019
57	2068000	5861000	2068000	0	1	'Questar Pipeline Co.'	0	40.9543	-111.2148
65	2068000	5861000	2068000	0	1	'Questar Pipeline Co.'	0	41.003	-111.4791
68	2068000	5861000	2068000	0	1	'Questar Pipeline Co.'	0	40.9237	-111.303
70	2068000	5861000	2068000	0	1	'Questar Pipeline Co.'	0	40.9518	-111.151
75	2068000	5861000	2068000	0	1	'Questar Pipeline Co.'	0	41.1811	-111.0602
76	2068000	5861000	2068000	0	1	'Questar Pipeline Co.'	0	41.2051	-111.0613
80	2068000	5861000	2068000	0	1	'Questar Pipeline Co.'	0	40.9673	-111.1003
82	2068000	5861000	2068000	0	1	'Questar Pipeline Co.'	0	40.9355	-111.1509
84	2068000	5861000	2068000	0	1	'Questar Pipeline Co.'	0	40.8644	-111.3923
87	2068000	5861000	2068000	0	1	'Questar Pipeline Co.'	0	40.9932	-111.0639
88	2068000	5861000	2068000	0	1	'Questar Pipeline Co.'	0	40.9673	-111.1003
93	2068000	5861000	2068000	0	1	'Questar Pipeline Co.'	0	40.9932	-111.0638
94	2068000	5861000	2068000	0	1	'Questar Pipeline Co.'	0	41.0073	-111.0515
98	2068000	5861000	2068000	0	1	'Questar Pipeline Co.'	0	41.0233	-111.1074
100	2068000	5861000	2068000	0	1	'Questar Pipeline Co.'	0	41.0232	-111.1073
104	2068000	5861000	2068000	0	1	'Questar Pipeline Co.'	0	41.0073	-111.0514
110	2068000	5861000	2068000	0	1	'Questar Pipeline Co.'	0	40.9224	-111.3185
111	2068000	5861000	2068000	0	1	'Questar Pipeline Co.'	0	40.9238	-111.303
115	2068000	5861000	2068000	0	1	'Questar Pipeline Co.'	0	40.9932	-111.0639
116	2068000	5861000	2068000	0	1	'Questar Pipeline Co.'	0	40.9673	-111.1004
123	2068000	5861000	2068000	0	1	'Questar Pipeline Co.'	0	41.2499	-111.0638
126	2068000	5861000	2068000	0	1	'Questar Pipeline Co.'	0	41.0073	-111.0515
130	2068000	5861000	2068000	0	1	'Questar Pipeline Co.'	0	40.9132	-111.9055
135	2068000	5861000	2068000	0	1	'Questar Pipeline Co.'	0	41.2144	-111.0402
136	2068000	5861000	2068000	0	1	'Questar Pipeline Co.'	0	41.2498	-111.0248
140	2068000	5861000	2068000	0	1	'Questar Pipeline Co.'	0	41.33	-110.6193
142	2068000	5861000	2068000	0	1	'Questar Pipeline Co.'	0	41.4517	-110.8838
143	2068000	5861000	2068000	0	1	'Questar Pipeline Co.'	0	41.3001	-110.9442
144	2068000	5861000	2068000	0	1	'Questar Pipeline Co.'	0	41.3705	-110.9062
145	2068000	5861000	2068000	0	1	'Questar Pipeline Co.'	0	41.2164	-110.9359
146	2068000	5861000	2068000	0	1	'Questar Pipeline Co.'	0	41.2237	-110.9282
147	2068000	5861000	2068000	0	1	'Questar Pipeline Co.'	0	41.4892	-110.5399
148	2068000	5861000	2068000	0	1	'Questar Pipeline Co.'	0	41.4873	-110.5802
149	2068000	5861000	2068000	0	1	'Questar Pipeline Co.'	0	41.3089	-110.8793
150	2068000	5861000	2068000	0	1	'Questar Pipeline Co.'	0	41.3113	-110.9029
156	2068000	5861000	2068000	0	1	'Questar Pipeline Co.'	0	41.3785	-110.8435
157	2068000	5861000	2068000	0	1	'Questar Pipeline Co.'	0	41.447	-110.8747
160	2068000	5861000	2068000	0	1	'Questar Pipeline Co.'	0	41.454	-110.8616
162	2068000	5861000	2068000	0	1	'Questar Pipeline Co.'	0	41.3173	-110.8538
163	2068000	5861000	2068000	0	1	'Questar Pipeline Co.'	0	41.7569	-110.596
164	2068000	5861000	2068000	0	1	'Questar Pipeline Co.'	0	41.7557	-110.572
167	2068000	5861000	2068000	0	1	'Questar Pipeline Co.'	0	41.3196	-110.4912
168	2068000	5861000	2068000	0	1	'Questar Pipeline Co.'	0	41.0003	-110.3266
169	2068000	5861000	2068000	0	1	'Questar Pipeline Co.'	0	41.4482	-110.7724
170	2068000	5861000	2068000	0	1	'Questar Pipeline Co.'	0	41.4575	-110.6922
174	2068000	5861000	2068000	0	1	'Questar Pipeline Co.'	0	41.4485	-110.8481
181	2068000	5861000	2068000	0	1	'Questar Pipeline Co.'	0	41.4882	-110.4403
184	2068000	5861000	2068000	0	1	'Questar Pipeline Co.'	0	41.4637	-110.9376
186	2068000	5861000	2068000	0	1	'Questar Pipeline Co.'	0	41.4552	-110.9605
189	2068000	5861000	2068000	0	1	'Questar Pipeline Co.'	0	41.4484	-110.8482
191	2068000	5861000	2068000	0	1	'Questar Pipeline Co.'	0	41.454	-110.8616
195	2068000	5861000	2068000	0	1	'Questar Pipeline Co.'	0	41.4455	-110.919
200	2068000	5861000	2068000	0	1	'Questar Pipeline Co.'	0	41.2944	-110.5667
201	2068000	5861000	2068000	0	1	'Questar Pipeline Co.'	0	41.1176	-110.8009
202	2068000	5861000	2068000	0	1	'Questar Pipeline Co.'	0	41.064	-110.8894
205	2068000	5861000	2068000	0	1	'Questar Pipeline Co.'	0	41.3807	-110.335
206	2068000	5861000	2068000	0	1	'Questar Pipeline Co.'	0	41.2943	-110.5667
207	2068000	5861000	2068000	0	1	'Questar Pipeline Co.'	0	41.1176	-110.8009
208	2068000	5861000	2068000	0	1	'Questar Pipeline Co.'	0	41.021	-111.0292
211	2068000	5861000	2068000	0	1	'Questar Pipeline Co.'	0	41.3131	-110.869
218	2068000	5861000	2068000	0	1	'Questar Pipeline Co.'	0	41.6934	-110.3652
222	2068000	5861000	2068000	0	1	'Questar Pipeline Co.'	0	41.0631	-111.0434
226	2068000	5861000	2068000	0	1	'Questar Pipeline Co.'	0	41.1332	-111.0214
232	2068000	5861000	2068000	0	1	'Questar Pipeline Co.'	0	41.4636	-110.9376
238	2068000	5861000	2068000	0	1	'Questar Pipeline Co.'	0	41.021	-111.0293
242	2068000	5861000	2068000	0	1	'Questar Pipeline Co.'	0	41.1176	-110.8009
