function mgc = 'Kern River OPEN'
mgc.version = 2;
mgc.name = 'Kern River OPEN';
mgc.temperature = 288.71;
mgc.gas_specific_gravity = 0.6;
mgc.base_length = 1000.0;
mgc.base_pressure = 2068000.0;
mgc.compressibility_factor = 0.8;
mgc.specific_heat_capacity_ratio = 1.4;
mgc.sound_speed = 312.805;
mgc.R = 8.314;
mgc.units = 'si';
mgc.economic_weighting = 0.95;

%% sources
%column_names% name agreement_year description
mgc.sources = [
'HIFLD Open'	2020	'HIFLD Open Dataset'
];

%% junction
%column_names% id p_min p_max p_nominal junction_type status pipeline_name edi_id lon lat
mgc.junction = [
1	2068000.0	5861000.0	2068000.0	0	1	'Kern River Gas Transmission Co.'	0	-118.834	35.1451
3	2068000.0	5861000.0	2068000.0	0	1	'Kern River Gas Transmission Co.'	0	-118.8198	35.1583
4	2068000.0	5861000.0	2068000.0	0	1	'Kern River Gas Transmission Co.'	0	-118.8157	35.1948
6	2068000.0	5861000.0	2068000.0	0	1	'Kern River Gas Transmission Co.'	0	-118.8198	35.3125
8	2068000.0	5861000.0	2068000.0	0	1	'Kern River Gas Transmission Co.'	0	-118.8583	35.3374
10	2068000.0	5861000.0	2068000.0	0	1	'Kern River Gas Transmission Co.'	0	-118.8847	35.3573
11	2068000.0	5861000.0	2068000.0	0	1	'Kern River Gas Transmission Co.'	0	-118.9781	35.3888
12	2068000.0	5861000.0	2068000.0	0	1	'Kern River Gas Transmission Co.'	0	-118.9757	35.3949
14	2068000.0	5861000.0	2068000.0	0	1	'Kern River Gas Transmission Co.'	0	-118.9755	35.3954
16	2068000.0	5861000.0	2068000.0	0	1	'Kern River Gas Transmission Co.'	0	-118.9659	35.4203
18	2068000.0	5861000.0	2068000.0	0	1	'Kern River Gas Transmission Co.'	0	-118.9669	35.4239
19	2068000.0	5861000.0	2068000.0	0	1	'Kern River Gas Transmission Co.'	0	-118.97	35.4347
20	2068000.0	5861000.0	2068000.0	0	1	'Kern River Gas Transmission Co.'	0	-118.9737	35.4479
22	2068000.0	5861000.0	2068000.0	0	1	'Kern River Gas Transmission Co.'	0	-118.9683	35.4287
23	2068000.0	5861000.0	2068000.0	0	1	'Kern River Gas Transmission Co.'	0	-118.9748	35.452
24	2068000.0	5861000.0	2068000.0	0	1	'Kern River Gas Transmission Co.'	0	-118.9755	35.4542
27	2068000.0	5861000.0	2068000.0	0	1	'Kern River Gas Transmission Co.'	0	-118.9696	35.4334
31	2068000.0	5861000.0	2068000.0	0	1	'Kern River Gas Transmission Co.'	0	-118.9758	35.4553
32	2068000.0	5861000.0	2068000.0	0	1	'Kern River Gas Transmission Co.'	0	-118.9781	35.4634
36	2068000.0	5861000.0	2068000.0	0	1	'Kern River Gas Transmission Co.'	0	-118.9945	35.484
37	2068000.0	5861000.0	2068000.0	0	1	'Kern River Gas Transmission Co.'	0	-119.0043	35.4963
38	2068000.0	5861000.0	2068000.0	0	1	'Kern River Gas Transmission Co.'	0	-119.0045	35.4965
42	2068000.0	5861000.0	2068000.0	0	1	'Kern River Gas Transmission Co.'	0	-118.7873	35.1268
44	2068000.0	5861000.0	2068000.0	0	1	'Kern River Gas Transmission Co.'	0	-118.7589	35.1318
46	2068000.0	5861000.0	2068000.0	0	1	'Kern River Gas Transmission Co.'	0	-118.7264	35.107
48	2068000.0	5861000.0	2068000.0	0	1	'Kern River Gas Transmission Co.'	0	-118.8766	35.0556
49	2068000.0	5861000.0	2068000.0	0	1	'Kern River Gas Transmission Co.'	0	-119.4388	35.1484
50	2068000.0	5861000.0	2068000.0	0	1	'Kern River Gas Transmission Co.'	0	-119.5157	35.1853
51	2068000.0	5861000.0	2068000.0	0	1	'Kern River Gas Transmission Co.'	0	-119.5881	35.2807
52	2068000.0	5861000.0	2068000.0	0	1	'Kern River Gas Transmission Co.'	0	-119.5892	35.2815
53	2068000.0	5861000.0	2068000.0	0	1	'Kern River Gas Transmission Co.'	0	-119.4178	35.1296
54	2068000.0	5861000.0	2068000.0	0	1	'Kern River Gas Transmission Co.'	0	-119.4182	35.1299
55	2068000.0	5861000.0	2068000.0	0	1	'Kern River Gas Transmission Co.'	0	-119.6032	35.2903
56	2068000.0	5861000.0	2068000.0	0	1	'Kern River Gas Transmission Co.'	0	-119.6296	35.3059
57	2068000.0	5861000.0	2068000.0	0	1	'Kern River Gas Transmission Co.'	0	-119.582	35.2762
59	2068000.0	5861000.0	2068000.0	0	1	'Kern River Gas Transmission Co.'	0	-119.5719	35.267
61	2068000.0	5861000.0	2068000.0	0	1	'Kern River Gas Transmission Co.'	0	-119.5682	35.2575
63	2068000.0	5861000.0	2068000.0	0	1	'Kern River Gas Transmission Co.'	0	-119.5655	35.2508
64	2068000.0	5861000.0	2068000.0	0	1	'Kern River Gas Transmission Co.'	0	-119.5659	35.2517
65	2068000.0	5861000.0	2068000.0	0	1	'Kern River Gas Transmission Co.'	0	-119.5604	35.2378
67	2068000.0	5861000.0	2068000.0	0	1	'Kern River Gas Transmission Co.'	0	-119.5299	35.1949
68	2068000.0	5861000.0	2068000.0	0	1	'Kern River Gas Transmission Co.'	0	-119.5585	35.2164
69	2068000.0	5861000.0	2068000.0	0	1	'Kern River Gas Transmission Co.'	0	-119.4389	35.1484
71	2068000.0	5861000.0	2068000.0	0	1	'Kern River Gas Transmission Co.'	0	-119.5269	35.1929
73	2068000.0	5861000.0	2068000.0	0	1	'Kern River Gas Transmission Co.'	0	-119.5199	35.1881
80	2068000.0	5861000.0	2068000.0	0	1	'Kern River Gas Transmission Co.'	0	-119.5971	35.2867
87	2068000.0	5861000.0	2068000.0	0	1	'Kern River Gas Transmission Co.'	0	-119.106	35.0598
89	2068000.0	5861000.0	2068000.0	0	1	'Kern River Gas Transmission Co.'	0	-118.9282	35.0484
91	2068000.0	5861000.0	2068000.0	0	1	'Kern River Gas Transmission Co.'	0	-118.928	35.0484
95	2068000.0	5861000.0	2068000.0	0	1	'Kern River Gas Transmission Co.'	0	-119.6296	35.3073
96	2068000.0	5861000.0	2068000.0	0	1	'Kern River Gas Transmission Co.'	0	-119.6296	35.3075
100	2068000.0	5861000.0	2068000.0	0	1	'Kern River Gas Transmission Co.'	0	-118.5945	35.1103
101	2068000.0	5861000.0	2068000.0	0	1	'Kern River Gas Transmission Co.'	0	-115.3961	36.0424
102	2068000.0	5861000.0	2068000.0	0	1	'Kern River Gas Transmission Co.'	0	-115.3816	36.0606
103	2068000.0	5861000.0	2068000.0	0	1	'Kern River Gas Transmission Co.'	0	-115.3072	36.2522
104	2068000.0	5861000.0	2068000.0	0	1	'Kern River Gas Transmission Co.'	0	-115.0566	36.2836
108	2068000.0	5861000.0	2068000.0	0	1	'Kern River Gas Transmission Co.'	0	-118.8949	35.3644
109	2068000.0	5861000.0	2068000.0	0	1	'Kern River Gas Transmission Co.'	0	-118.9565	35.3846
110	2068000.0	5861000.0	2068000.0	0	1	'Kern River Gas Transmission Co.'	0	-118.9645	35.3861
111	2068000.0	5861000.0	2068000.0	0	1	'Kern River Gas Transmission Co.'	0	-118.9727	35.3877
112	2068000.0	5861000.0	2068000.0	0	1	'Kern River Gas Transmission Co.'	0	-118.9759	35.3883
115	2068000.0	5861000.0	2068000.0	0	1	'Kern River Gas Transmission Co.'	0	-118.9022	35.3695
116	2068000.0	5861000.0	2068000.0	0	1	'Kern River Gas Transmission Co.'	0	-118.941	35.3815
123	2068000.0	5861000.0	2068000.0	0	1	'Kern River Gas Transmission Co.'	0	-114.9118	36.4334
124	2068000.0	5861000.0	2068000.0	0	1	'Kern River Gas Transmission Co.'	0	-114.9027	36.434
125	2068000.0	5861000.0	2068000.0	0	1	'Kern River Gas Transmission Co.'	0	-114.8944	36.4347
126	2068000.0	5861000.0	2068000.0	0	1	'Kern River Gas Transmission Co.'	0	-114.831	36.4414
128	2068000.0	5861000.0	2068000.0	0	1	'Kern River Gas Transmission Co.'	0	-114.8955	36.4346
131	2068000.0	5861000.0	2068000.0	0	1	'Kern River Gas Transmission Co.'	0	-114.5393	36.6495
132	2068000.0	5861000.0	2068000.0	0	1	'Kern River Gas Transmission Co.'	0	-114.4982	36.6076
133	2068000.0	5861000.0	2068000.0	0	1	'Kern River Gas Transmission Co.'	0	-117.3604	34.5996
134	2068000.0	5861000.0	2068000.0	0	1	'Kern River Gas Transmission Co.'	0	-117.5256	34.9855
135	2068000.0	5861000.0	2068000.0	0	1	'Kern River Gas Transmission Co.'	0	-117.5256	34.9855
136	2068000.0	5861000.0	2068000.0	0	1	'Kern River Gas Transmission Co.'	0	-117.5257	34.9904
139	2068000.0	5861000.0	2068000.0	0	1	'Kern River Gas Transmission Co.'	0	-111.5951	40.9431
140	2068000.0	5861000.0	2068000.0	0	1	'Kern River Gas Transmission Co.'	0	-111.0508	41.0814
141	2068000.0	5861000.0	2068000.0	0	1	'Kern River Gas Transmission Co.'	0	-111.0459	41.0875
142	2068000.0	5861000.0	2068000.0	0	1	'Kern River Gas Transmission Co.'	0	-111.0456	41.0879
146	2068000.0	5861000.0	2068000.0	0	1	'Kern River Gas Transmission Co.'	0	-111.045	41.0887
147	2068000.0	5861000.0	2068000.0	0	1	'Kern River Gas Transmission Co.'	0	-112.0451	40.6717
